157.56842045113444	-76.76079739350826
157.948089639307	-76.77372158877552
158.35314945562277	-76.78751553362235
158.73522953293286	-76.80057706031948
159.0696869311505	-76.81198300234973
159.66305546084186	-76.81552304001525
160.12310795206577	-76.81962002394721
160.81178287707735	-76.825639619492
161.7627411291469	-76.83491696044803
162.90661625209032	-76.85057247895747
164.05058292642934	-76.8688219874166
165.1817017016583	-76.88691128604114
166.18258671066724	-76.901811494492
167.00901798607083	-76.88866604492068
167.7458954267786	-76.8656176473014
168.707733194693	-76.83678616164252
169.76777652901364	-76.81071652285755
170.84996036882512	-76.78364743012935
171.95898441469762	-76.75805081473663
173.0539246018161	-76.73335446463898
174.14683536830125	-76.70879543945193
175.26208500238135	-76.68535031192005
176.2166443283204	-76.66867245640606
176.99836734985	-76.65744961472228
177.65449527930468	-76.6485766293481
178.48072819085792	-76.63704861234874
179.55477909295587	-76.60140408575535
180.73417667706963	-76.56524838414043
181.78904728248017	-76.56420315336436
182.67147831176408	-76.59177579032257
183.69255069969222	-76.6379946586676
184.73664859985	-76.68663205159828
185.8224792885594	-76.73629940953106
186.72839359624777	-76.76422298979014
187.53450016269926	-76.77433193987235
188.56704716105014	-76.77836788771674
189.73512272146763	-76.77860440174118
190.86164859990822	-76.7787569896318
191.97576908336487	-76.77913845842704
192.9652252595988	-76.77934445207939
194.0858459874289	-76.77573574893177
195.19255069911014	-76.77371395844966
196.33151249127695	-76.77263058396056
197.45098880957812	-76.77160824881867
198.58981327351648	-76.7707690144889
199.72915653395467	-76.76982296584174
200.85168461175635	-76.76883877580985
201.8116913238773	-76.77197445649654
202.66316227125935	-76.78939999360591
203.7330170077621	-76.81690396089107
204.8793030200759	-76.84376705996692
206.01033023995114	-76.86873806873336
207.1397858071141	-76.8935183417052
208.158233682625	-76.91544522251934
209.27775577735156	-76.94047726551071
210.38040165120037	-76.96540249604732
211.40240482485387	-76.98799313651398
212.52757267141715	-77.01365842064843
213.57234195899218	-77.0365313407965
214.6241302889539	-77.05939663620666
215.74896244396223	-77.08455838030204
216.88667301519308	-77.11007107701153
217.9255676671164	-77.13305081194267
219.02508549031336	-77.15770901367068
220.14630130928708	-77.18319119140506
221.1810760902008	-77.19969357410446
222.03421024477575	-77.15610684361309
222.72166446846677	-77.03865231433883
223.32061771611916	-76.87934292666614
224.02952579723205	-76.68421353306621
225.02642826433294	-76.40125454682857
225.72590641170973	-76.15674771368504
226.40132145246025	-75.8540896307677
226.88037113507744	-75.58687771530822
227.25730900058988	-75.32528103515506
227.55493168055546	-75.0721300970763
227.84196476242505	-74.79110897658393
228.2344665932469	-74.4005907936953
228.56291202863213	-74.04779232852161
228.56291202863213	-73.73528470052406
229.03915409254842	-73.45191372651607
229.20910648605786	-73.19317807350308
229.51239017688204	-72.63306607073173
229.51239017688204	-72.21270169364288
230.03634647571016	-71.6803835760802
230.03634647571016	-71.153917202726
230.49943546555005	-70.7049502292648
230.63403324433602	-70.31457699788734
230.72564701316878	-69.97180355945602
230.78627018153202	-69.66814602725208
230.8485413014423	-69.14344204729423
230.8485413014423	-68.76190365850925
230.93675236043055	-68.33079709112644
230.93675236043055	-67.79339779773727
231.07557682401966	-67.08160580368713
231.07557682401966	-66.4504870264791
231.1620941569563	-65.92883480945602
231.1620941569563	-65.48803128208965
231.18138126598205	-65.01982296770439
231.19749454822158	-64.325471770484
231.21762089105323	-63.37073697010055
231.21762089105323	-62.22233761753887
231.24218754115282	-61.06966580124572
231.2366028247634	-60.09297741949558
231.20240787707735	-59.22120846575126
231.20240787707735	-58.14197338791564
231.1091156413895	-57.11393536394462
231.06661991472356	-56.26669109985232
230.99801639775978	-55.641897095832974
230.9034424229758	-54.98679532064125
230.80465702310903	-54.29737652698532
230.6530151765328	-53.241552249062806
230.6530151765328	-52.335561647079885
230.30163578293286	-51.6079195891507
230.10270695015788	-51.0310915815644
229.88880924566183	-50.57830609381199
229.65585331292823	-50.23545254347846
229.41882328275824	-49.98062313674018
228.9738007002743	-49.66756619513035
228.42965702351648	-49.432645690161735
227.92918400018243	-49.25133694475517
227.46885685191955	-49.089643373619765
227.0877075602766	-48.94342221133411
226.7632904468337	-48.81951702851802
226.2254639073508	-48.66299618547782
225.88693241332658	-48.570913210045546
225.36177066992968	-48.423780334647745
224.7694244783488	-48.261491670273244
224.27877811715007	-48.154409303329885
223.86413578217616	-48.094053162261844
223.50823978724657	-48.06038082810119
223.05545047926717	-48.00917233293876
222.3823700348148	-47.93343533342704
221.45825199363753	-47.831632507033646
220.35493473213864	-47.71087826695293
219.28646854648832	-47.6207827469334
218.22378544160165	-47.5603045350872
217.10466007405194	-47.504548920318484
215.96908573352266	-47.448587310966104
214.89974979683757	-47.3985575530678
214.0157623703126	-47.39235867233947
213.29727176914457	-47.42177380481735
212.586822550511	-47.464078795630485
211.62609867413994	-47.52410687459633
210.57859806215856	-47.592107666190714
209.67672733496875	-47.63699902314693
208.78608707763487	-47.671449553687125
207.67135624180082	-47.712133299559355
206.54747013252927	-47.75583828659728
205.57220463140402	-47.78774822829291
204.75216678832658	-47.795133486390114
203.7492065827828	-47.79608334740624
202.59379581728717	-47.79760159179568
201.4678955487907	-47.79987133666873
200.3306580001954	-47.80223263707012
199.20288089977112	-47.80468167131767
198.2290192047367	-47.800760166253895
197.30732731049648	-47.78168286429718
196.18273929902352	-47.756265534088016
194.94358829793055	-47.72969616483897
193.9204864910571	-47.70778835751116
192.86892704374623	-47.68563641468063
191.74642948363908	-47.66155422851443
190.60971073294058	-47.63706768769771
189.4996948656044	-47.61340511823073
188.4989319248125	-47.59247387945652
187.3706665445352	-47.56809033313766
186.2392883708235	-47.54409588314593
185.10354618390556	-47.5201853630133
184.091751139611	-47.499334228690714
183.26570133469068	-47.503217591904104
182.36503605160397	-47.524019135627896
181.24383549002232	-47.55658901995048
180.1072540685418	-47.59305371111259
178.9738159594126	-47.628961456008255
177.83663944515865	-47.66552914399654
176.69964603800327	-47.70195568911731
175.57194523140788	-47.73806179827079
174.59577946033096	-47.75811184942722
173.59559635515325	-47.754564178176224
172.45730594964698	-47.74344052327797
171.32661441958044	-47.732606783509254
170.18917850760045	-47.72161663835868
169.05172733671498	-47.71048535499722
167.9146728918422	-47.699312104377896
166.77745060110465	-47.6881159665063
165.64024357136805	-47.676942717283964
164.50309757486684	-47.665819061454386
163.3702392979758	-47.65483273146674
162.3776245531626	-47.641679655294865
161.55688480637036	-47.61578549258411
160.5828400059836	-47.57764233276248
159.4351654460188	-47.53417767351493
158.30953983520158	-47.49320782488212
157.17330936639337	-47.45176876941696
156.03683475684375	-47.41033352538943
154.90042118431302	-47.368837252259254
153.76391605648678	-47.327360048890114
152.66580204298953	-47.28749264450744
151.75018314569024	-47.2545145903714
151.00503544136882	-47.22866620030254
150.39900211500935	-47.23482693498954
149.69131473789457	-47.252187623176724
148.72801212524064	-47.278333557769656
147.58093265857315	-47.311067475471646
146.65577701933216	-47.338563814759254
145.66638187709032	-47.36178768891841
144.72929386334727	-47.35919369617477
143.59605411754455	-47.34535778965801
142.474685710622	-47.33079708972946
141.33752445550635	-47.31584347691387
140.19982914195862	-47.30085934465751
139.0621033119387	-47.285730256233364
137.8106537280837	-47.26910580648109
136.71109012817033	-47.25450696097687
135.79261783882976	-47.24858273565769
135.11193851626012	-47.265798463951796
134.4352264823392	-47.29927242919803
133.93969730532262	-47.369821443688124
133.53883365821093	-47.48186672758311
133.14839176367968	-47.63284863438457
132.56657413684297	-47.87608898850158
131.79388431762345	-48.21423138771206
131.79388431762345	-48.56641567964107
131.00422672589775	-48.56641567964107
131.00422672589775	-48.89127529878169
130.27803043695167	-48.89127529878169
129.33671573974425	-49.316923033911735
128.29130558372708	-49.79891003156081
127.39755253162002	-50.27046765014529
126.73191837582272	-50.755636111833155
126.28863529430237	-51.2511423942633
126.0187530926778	-51.717973604332656
125.86168674693909	-52.13380230590701
125.74104313075077	-52.49944866867736
125.57657627412118	-52.98700894089416
125.40200809645467	-53.54497326724231
125.27290348266251	-54.010068787261844
125.17782596830511	-54.40591992251575
125.17782596830511	-54.749212159309536
125.0993729053298	-55.054479491431266
125.07679752574768	-55.47737301886082
125.0419769694563	-56.11054791184142
125.00595859752502	-56.82628811802715
125.00595859752502	-57.765352139715105
124.91129307146184	-58.90277279634029
124.8679352219333	-60.024797334335744
124.86590580217307	-60.95838726637885
124.8964386403095	-61.761716736480594
124.8964386403095	-62.76727474993095
125.00740055402275	-63.78066815016791
125.06884769781027	-64.76935757650062
125.09584812342655	-65.64976681489497
125.1067276414251	-66.26678646728396
125.1067276414251	-67.25290859863162
125.16593937110156	-68.25810421956703
125.2201157027157	-69.41858853306621
125.2201157027157	-70.50454891985282
125.25808719953056	-71.23426998825744
125.23779300937895	-71.95841397205368
125.21531681285705	-72.53635586798191
125.21531681285705	-73.31282223248854
125.14831547124777	-74.2319964277558
125.11347965511959	-75.51589382998645
125.09028629539534	-76.5088442680426
125.06204990670085	-77.70041073672473
125.03749088640325	-78.7248934628442
125.00980381225236	-79.94866360677406
124.98995975858998	-80.8443011189811
124.95662693271879	-82.07894314499572
124.95662693271879	-83.02738369908184
124.96188358578365	-83.98822201648727
124.99391178344376	-84.6329211127013
125.04010013729567	-85.48341549979523
125.0667725019157	-86.41589535586536
125.07232670101803	-87.70332516822964
125.07232670101803	-88.6829470526427
125.05341343104374	-89.67468441650271
125.0811767987907	-90.40426052873954
125.1145859179087	-91.09910000534728
125.15731815533945	-92.04336727969348
125.20118717494188	-93.16596401948482
125.23757938737981	-94.2536410195753
125.27520755922887	-95.38217343296856
125.31745914777275	-96.41989315720275
125.40297703025863	-97.27430142182857
125.5402832434047	-97.95990933524445
125.72344974800944	-98.50190151995048
125.72344974800944	-98.9302691356279
126.16736606793711	-99.33896054094657
126.51573185314192	-99.90775479376316
126.86952976533212	-100.48768795654178
127.32479099638294	-101.23979367082939
127.81236271071248	-101.98637570254505
128.29295353230555	-102.5485552647151
128.29295353230555	-102.92254055803642
128.77517704374623	-102.92254055803642
129.23716739931842	-103.12891568103805
129.64338688144926	-103.22007931629196
129.98490909824613	-103.23272122209892
130.53096012334572	-103.1485079661943
130.92330936715007	-103.04738797014579
131.3110046799411	-102.93972958344966
131.64274601294892	-102.87054623477161
132.19165043043904	-102.81128872558475
132.5719299718039	-102.77041043154895
133.12115482613444	-102.70617855666205
133.58218387822853	-102.65191067708656
134.13426212558988	-102.59196652192622
134.5131378582446	-102.57702053664252
134.95634464535397	-102.58315457263961
135.4893951820559	-102.58878506626934
136.40547184151364	-102.60522641101852
137.37902836163994	-102.62623013276607
138.67312626063358	-102.65654171677306
139.63139347359538	-102.68058193987235
140.7380829261383	-102.71003903262317
141.97268680884736	-102.74184597935528
143.00553898105863	-102.76859463425353
143.9708710113773	-102.79458798328415
145.21397404005984	-102.82294644089416
146.2234802650055	-102.84647549455985
147.46513370698085	-102.87433804105967
148.48324588988908	-102.89741696370766
149.60490421537543	-102.92328061209992
150.84080509352498	-102.95228756777942
151.85794071480632	-102.9757326990366
153.10015873145312	-103.00475491350517
154.1064606111031	-103.02855099365115
155.3435516768368	-103.05821408471093
156.3625183501863	-103.08335293410346
157.61425785219762	-103.11422909749672
158.63836673955666	-103.14002407621592
159.88877872616285	-103.17153347749263
160.91262821498094	-103.19692410202697
162.15992740995716	-103.22802914632484
163.29032902099425	-103.2552355658263
164.4179382735747	-103.28173245256767
165.5388641761965	-103.30771054094657
166.65850834094454	-103.33451260393485
167.77665714535397	-103.3614443698898
168.89598087681225	-103.38827694719657
170.0184936937876	-103.4159258720465
171.14189152105246	-103.44410122837871
172.27410892792977	-103.47310055280104
173.40882877638796	-103.50265682907775
174.54966740007512	-103.53102291887626
175.67082218523137	-103.5585574042052
176.79570011456963	-103.58562649646774
177.9194183764048	-103.61232937732711
179.04627994878683	-103.6388110043481
180.1720581453992	-103.66517818998545
181.29945377609693	-103.69055356038734
182.42495731648523	-103.714273347985
183.55091861926485	-103.73772610537708
184.67749027605169	-103.76185788027942
185.8040924470406	-103.7865084526129
186.92945865984075	-103.81126584019512
188.05282596859615	-103.83575619524345
189.17512516194256	-103.86012448230758
190.30084232549416	-103.8847903162241
191.42665104259504	-103.91077603260055
192.55348209582735	-103.93998135300353
193.68135074985912	-103.96867550630122
194.80825809808448	-103.99688900774345
195.93078617355786	-104.02482022112235
197.05342106043827	-104.05201138369739
198.17439274024218	-104.07839382998645
199.299728434009	-104.1040972606279
200.28567508951528	-104.12397183245048
201.09718326857546	-104.11789120500907
201.7603912751074	-104.08757962333038
202.30606083280873	-104.0414523021318
202.76016239484306	-103.97394741885364
203.14163212181302	-103.8841952206567
203.47866825258825	-103.7812136518769
203.95501713140402	-103.63097561476752
204.62097171979258	-103.42238797154278
205.5029907641583	-103.14592160005122
206.3587952060625	-102.85994137916714
207.04714969790075	-102.59160031098872
207.63240055239294	-102.33441342320293
207.63240055239294	-102.0020541078411
208.38435367750935	-102.0020541078411
209.33233646547887	-101.57838619872928
209.33233646547887	-101.12416256545112
210.28939823346445	-101.12416256545112
211.06036380911246	-100.6802157307975
211.6464538986911	-100.2383211972192
212.07369999127695	-99.81507290806621
212.45568851713324	-99.37275876104832
212.85672001249623	-98.91404904052615
213.1689758716384	-98.5214861757122
213.41239933273755	-98.17765988456085
213.60516361508053	-97.87449826020747
213.75567630922887	-97.60732449358329
213.8664703781251	-97.16151608433574
213.99401859473437	-96.82651699939743
214.063919108361	-96.50105466041714
214.0812988677062	-96.02751339832321
214.1858520905953	-95.56635464634746
214.2502594392281	-95.12793911807239
214.29336551984306	-94.75349606573582
214.29336551984306	-94.42787350388244
214.34362797031645	-94.05049313185737
214.3831024580286	-93.57490719715133
214.41552738368046	-93.05296505521983
214.41552738368046	-92.61766995070502
214.3807526048622	-92.24793423432857
214.33151249121875	-91.93067349446937
214.26974491402507	-91.37372006149963
214.1231995037524	-90.96333493152633
214.00953678484075	-90.40668667620048
213.8731232090504	-89.81769741745666
213.8731232090504	-89.34514798177406
213.55680851155194	-88.96341885672882
213.38035587617196	-88.6563052055426
213.19789127574768	-88.41197384893894
212.83767704328056	-88.07201565615833
212.65621952328365	-87.78756894171238
212.0509033612907	-87.59032620489597
211.61108402424725	-87.33532895054668
211.15126041707117	-87.06591214053333
210.75994877057383	-86.85501278704032
210.4194336355431	-86.68996609374881
210.1164398593246	-86.56806363118812
209.5993194982875	-86.41877163853496
209.1768799237907	-86.36326779145747
208.84599308343604	-86.39606655808166
208.5024261873914	-86.50994290132076
208.22679142281413	-86.657350435853
207.6768951821141	-86.99903286807239
207.32225040759658	-87.23377407947555
206.96611027041217	-87.46116055548191
206.54913334094454	-87.72756375418976
206.2042847078992	-87.94774807756767
205.7346954747336	-88.24765194952488
205.7346954747336	-88.55246151797473
205.2575531420298	-88.55246151797473
204.51336674031336	-89.02707089390606
203.94020084716612	-89.37423886172473
203.352966348466	-89.68776883091778
202.9418182785157	-89.86773861711845
202.50389103149064	-90.01040066312999
202.1894531652215	-90.0712603428401
201.85269169032108	-90.09269894380122
201.14743045985233	-90.04851712100208
200.7430267748423	-90.01600064197555
200.2921142979758	-89.97713650530204
199.97845463093836	-89.93407620489597
199.64916996192187	-89.86503781098872
199.16888431913685	-89.70763577055186
198.80772403872106	-89.5244387537241
198.35250858485233	-89.25383938709274
198.0775452060625	-89.09629239188507
197.791564981977	-88.91883267182857
197.37249759957194	-88.62833584612235
197.07139591383748	-88.34876431524754
196.88302616385045	-88.08060635440052
196.74951175844762	-87.64055050583556
196.43052677501692	-87.22662533493713
196.30873111926485	-86.81009854190052
196.10029606195167	-86.46734036039561
195.9280090748798	-86.17064846726134
195.7679443769157	-85.90122403064743
195.68544010521146	-85.55398739501834
195.57713321887422	-85.25870694033802
195.46002201363444	-84.9207705417648
195.38876346917823	-84.45106686279178
195.31536869390402	-84.07048977864906
195.22395328833954	-83.59576596040279
195.13533024012577	-83.1266192337498
195.0560150562087	-82.66038693254814
195.0560150562087	-82.21860684268177
194.98757938540075	-81.8200777885504
194.94705204374623	-81.31598843447864
194.90785221284023	-80.68645657226443
194.89031986577902	-79.88933743257076
194.86700443609152	-78.87870205705985
194.8255615637172	-77.94352902332321
194.73431400500704	-77.17829312151298
194.5977783604758	-76.56310452567413
194.44264225271763	-76.06576718110591
194.26474003033945	-75.66758908331394
194.26474003033945	-75.3591097719036
193.85974125156645	-75.11983670061454
193.46832279488444	-74.8010882246308
193.12881473841844	-74.63656033203006
192.7432709155837	-74.5329836755991
192.39578251109924	-74.44723691092804
192.04653934761882	-74.33976162830368
191.65394596452825	-74.21766842529178
191.3572388109751	-74.1264666467905
191.05830387305468	-74.0341128250584
190.76303104765248	-73.94526852248237
190.41793827235233	-73.92619503708556
189.89189152081963	-73.918039213866
189.33999637840316	-73.89254940766841
188.82783512375318	-73.86915005743504
188.20141605648678	-73.84157742466778
187.4129486483289	-73.8072070023045
186.53102115972433	-73.77318752976134
185.79205326375086	-73.74153317231685
185.19511417590547	-73.68427456496283
184.70683292660397	-73.61708248825744
184.29637150134658	-73.56420315662399
183.86141971801408	-73.50799740664661
183.31565861019772	-73.43602169817314
182.8642578526633	-73.35158719075844
182.49032596853795	-73.24961270205677
182.1791382250958	-73.1342028491199
181.7170563142281	-72.8672884828411
181.4423218186712	-72.58223141729832
181.28364567144308	-72.12960232654586
180.86145023687277	-71.79671658435836
180.60740665602498	-71.44769467413425
180.3083191323094	-71.03816403076053
179.99664310645312	-70.59152401937172
179.74906925531104	-70.16380490129814
179.74906925531104	-69.8147066985257
179.51414493832272	-69.50214566243812
179.3571319981711	-68.97795285098255
179.23878483043518	-68.54582394519821
179.14302067109384	-68.178911103867
179.0800476486329	-67.85505093727261
179.0729828281328	-67.44025601493195
179.07882694608998	-67.08668698230758
179.0700073648477	-66.76983059803024
179.05718998110387	-66.3130816379562
179.0480499676196	-65.9878558064811
179.03633121727034	-65.5696047693491
179.02461246715393	-65.15403164504096
179.00727848283714	-64.49170865025371
179.0152893467457	-64.03014553897083
179.0152893467457	-63.548616303130984
179.07005314121488	-63.001325499266386
179.07005314121488	-62.40928066940978
179.13938907859847	-61.58448971575126
179.13938907859847	-60.62645520409569
179.18841556843836	-59.37523831240833
179.31607059721136	-58.29810131760314
179.3775024827337	-57.21528423950076
179.42395023535937	-56.39818752929568
179.46675113844685	-55.648275268729776
179.506668132497	-54.932863131165504
179.55671695945784	-54.08496655104682
179.61495975701837	-53.152418029494584
179.6764221591875	-52.16042126342654
179.7069855137961	-51.16306866519153
179.7069855137961	-50.27665890334174
179.64984135015402	-49.705507170874625
179.2908173017786	-49.22495068376884
179.2908173017786	-48.856550112366676
178.80110172502464	-48.56110562151298
178.38082889746875	-48.277250182814896
178.0376282145735	-48.169896971434355
177.6715240890626	-48.10861767549068
177.2732086586766	-48.042550936341286
176.94923404906876	-47.972268952056766
176.56547550536925	-47.91538418782875
176.12886051437818	-47.89032543916255
175.4797211107798	-47.868177307769656
175.1431579993805	-47.852514159400016
174.81204227701528	-47.83696545381099
174.25436405377695	-47.81226529087871
173.46200565586332	-47.7859057309106
172.41542057384504	-47.75916851917282
171.24453739385353	-47.739210022147745
170.17134098283714	-47.72485531400889
169.0686035557883	-47.709482084959745
167.93188480637036	-47.69300259416923
166.8119354645023	-47.676992311142385
165.81433109461796	-47.663335694000125
164.68937687086873	-47.64447964821011
163.56021122285165	-47.62529171817005
162.52873234049184	-47.608682526275516
161.4558716218453	-47.59060849016532
160.32876590976957	-47.57024563383311
159.29614261805546	-47.552358521614224
158.20031742448919	-47.532510650809854
157.07968143804464	-47.511693850159645
155.9430084633059	-47.490583311766386
154.80598453752464	-47.46946514956653
153.66889957757667	-47.44835080113262
152.53170780395158	-47.42720211809501
151.39459232683294	-47.406083955895156
150.257278483361	-47.384965791832656
149.12008671020158	-47.36370648397133
147.98303226736607	-47.342481506522745
146.84585575468373	-47.32121456600726
145.70855717000086	-47.299959076568484
144.5712891035946	-47.27868832554668
143.43391422613058	-47.25742138642818
142.29644779412774	-47.236097229644656
141.15895084600197	-47.214677702169865
140.02159122761805	-47.193200959358364
138.9515686436789	-47.173066987190396
138.0704498687992	-47.1579836755991
137.34419254638487	-47.15956295887008
136.46813968959032	-47.16211880417541
135.38446049008053	-47.16324795363471
134.24301151442342	-47.164693728554994
133.20545963436598	-47.21483792131767
132.29034427792067	-47.37070263642818
131.63572696992196	-47.567701232619584
131.1123657639837	-47.76331890746951
130.55752567620948	-47.971242799423635
130.00167850678554	-48.19397915806621
129.56953434331808	-48.4134577633813
129.23724369326374	-48.63479412626475
128.9725799963344	-48.85224331635982
128.62980655912543	-49.150609865784645
128.1265869550407	-49.594571958296
127.46765140705975	-50.18855465669185
126.80737308651442	-50.8152140523307
126.29534916207194	-51.365987671073526
126.29534916207194	-51.861940276343375
125.9443741251016	-51.861940276343375
125.70800785324536	-52.3005236517638
125.55630497331731	-52.68794812262058
125.46238712634658	-53.02907742140815
125.46238712634658	-53.3291758405976
125.32499698805623	-53.83538235677406
125.29128269397188	-54.38441266026348
125.25124363193754	-54.858564272057265
125.2067108558258	-55.380540740676224
125.2067108558258	-56.129457365721464
125.07395176182035	-57.1203898335807
125.07395176182035	-58.19155300920829
124.9264221600024	-59.32181729050353
124.85415653430391	-60.41774167120457
124.7998123584548	-61.24799526901916
124.76374820875935	-62.07401455612853
124.76374820875935	-62.675481689628214
124.79328922589775	-63.16796673834324
124.81977848417591	-63.675626647658646
124.85935978160705	-64.31527889985591
124.90098575910088	-65.00001706276089
124.96605686366092	-65.88791073672473
125.04161838872824	-66.785508999601
125.12747196451528	-67.81238736072555
125.1802215979551	-68.6989001147449
125.2142181803938	-69.42068661609665
125.22659305832349	-70.00957669178024
125.22659305832349	-70.49618710158393
125.23608402552782	-70.97982968203723
125.25679783150554	-71.56845273124054
125.25679783150554	-72.26849545352161
125.28872684703674	-73.09144009277225
125.30372623691801	-73.82357968389988
125.30372623691801	-74.26454342482612
125.33463291323278	-74.62810696288943
125.34958652767818	-74.95997036620975
